0 0.03515625 0.279052734375 0.044921875 0.2939453125 0.06673177083333333 0.3984375 0.07096354166666667 0.399658203125 0.07454427083333333 0.396484375 0.07552083333333333 0.40380859375 0.0888671875 0.407470703125 0.08756510416666667 0.4111328125 0.078125 0.418212890625 0.06412760416666667 0.4189453125 0 0.41748046875 0 0.4052734375 0.005208333333333333 0.404541015625 0.007486979166666667 0.400390625 0.026041666666666668 0.289306640625 0.032552083333333336 0.279052734375 0.034830729166666664 0.279052734375
0 0.7688802083333334 0.2626953125 0.7757161458333334 0.265869140625 0.779296875 0.277099609375 0.7845052083333334 0.281005859375 0.7864583333333334 0.286376953125 0.8284505208333334 0.55322265625 0.8313802083333334 0.55712890625 0.876953125 0.559814453125 0.8828125 0.564208984375 0.8818359375 0.571044921875 0.8557942708333334 0.580322265625 0.796875 0.59423828125 0.6474609375 0.578369140625 0.6370442708333334 0.576416015625 0.6344401041666666 0.57421875 0.6334635416666666 0.5673828125 0.6370442708333334 0.562255859375 0.6875 0.552734375 0.69140625 0.54931640625 0.7408854166666666 0.318359375 0.7516276041666666 0.28173828125 0.7591145833333334 0.2763671875 0.7623697916666666 0.265869140625 0.7685546875 0.262939453125
0 0.173828125 0.461181640625 0.177734375 0.458251953125 0.20930989583333334 0.292236328125 0.21614583333333334 0.279296875 0.22037760416666666 0.27685546875 0.22623697916666666 0.279296875 0.23274739583333334 0.29052734375 0.24544270833333334 0.355224609375 0.2255859375 0.473876953125 0.2236328125 0.4775390625 0.22005208333333334 0.477783203125 0.140625 0.47216796875 0.13899739583333334 0.466064453125 0.14225260416666666 0.46337890625 0.17350260416666666 0.461181640625
0 0.2796223958333333 0.264404296875 0.2864583333333333 0.2685546875 0.294921875 0.286376953125 0.3190104166666667 0.422119140625 0.3388671875 0.517333984375 0.341796875 0.521240234375 0.3736979166666667 0.521484375 0.3802083333333333 0.522705078125 0.3837890625 0.525634765625 0.3834635416666667 0.531982421875 0.3805338541666667 0.534423828125 0.3424479166666667 0.5478515625 0.3212890625 0.552001953125 0.1787109375 0.54541015625 0.1708984375 0.5439453125 0.1689453125 0.540283203125 0.171875 0.532470703125 0.21744791666666666 0.519775390625 0.2548828125 0.312744140625 0.2682291666666667 0.2685546875 0.2718098958333333 0.264892578125 0.279296875 0.264404296875
0 0 0.4921875 0.019205729166666668 0.493408203125 0.022135416666666668 0.497802734375 0.01953125 0.50439453125 0 0.506103515625 0 0.492431640625
0 0.046875 0.2880859375 0.054036458333333336 0.29638671875 0.076171875 0.39111328125 0.0771484375 0.40234375 0.07161458333333333 0.40478515625 0.06705729166666667 0.401611328125 0.050130208333333336 0.326171875 0.044270833333333336 0.29150390625 0.046549479166666664 0.2880859375
0 0 0.9111328125 0.029296875 0.916259765625 0.0439453125 0.92138671875 0.049479166666666664 0.92919921875 0.051432291666666664 0.944580078125 0.05078125 0.953369140625 0.046875 0.95751953125 0 0.980224609375 0 0.911376953125
0 0.16536458333333334 0.282958984375 0.17154947916666666 0.28759765625 0.17545572916666666 0.300048828125 0.18326822916666666 0.3427734375 0.17350260416666666 0.358642578125 0.16666666666666666 0.3759765625 0.1650390625 0.418212890625 0.16764322916666666 0.423583984375 0.1767578125 0.428466796875 0.17903645833333334 0.4326171875 0.17545572916666666 0.43505859375 0.12923177083333334 0.435546875 0.11555989583333333 0.434814453125 0.11393229166666667 0.4287109375 0.13248697916666666 0.420166015625 0.15657552083333334 0.292236328125 0.15852864583333334 0.286376953125 0.1650390625 0.282958984375
0 0.9947916666666666 0.27685546875 0.9996744791666666 0.277587890625 0.9996744791666666 0.530029296875 0.8922526041666666 0.5224609375 0.88671875 0.5205078125 0.8850911458333334 0.516357421875 0.8896484375 0.5107421875 0.9264322916666666 0.501708984375 0.9723307291666666 0.3212890625 0.9807942708333334 0.2939453125 0.98828125 0.287841796875 0.9944661458333334 0.277099609375
0 0.51953125 0.23291015625 0.529296875 0.23681640625 0.5335286458333334 0.241455078125 0.5436197916666666 0.279296875 0.56640625 0.428955078125 0.5716145833333334 0.443359375 0.5794270833333334 0.504150390625 0.607421875 0.656982421875 0.609375 0.6591796875 0.6676432291666666 0.663818359375 0.6748046875 0.66650390625 0.6800130208333334 0.671875 0.6787109375 0.682861328125 0.6712239583333334 0.6904296875 0.6402994791666666 0.708740234375 0.6061197916666666 0.7255859375 0.5813802083333334 0.734375 0.5052083333333334 0.728515625 0.3313802083333333 0.708740234375 0.3248697916666667 0.706787109375 0.322265625 0.701904296875 0.3232421875 0.689208984375 0.3274739583333333 0.684814453125 0.4036458333333333 0.6572265625 0.4072265625 0.65380859375 0.4632161458333333 0.386962890625 0.470703125 0.33837890625 0.4866536458333333 0.271728515625 0.5003255208333334 0.23779296875 0.5081380208333334 0.2333984375 0.5192057291666666 0.23291015625
0 0.4459635416666667 0.298583984375 0.4495442708333333 0.298828125 0.453125 0.306640625 0.466796875 0.348388671875 0.4521484375 0.432373046875 0.4459635416666667 0.451171875 0.4182942708333333 0.44970703125 0.416015625 0.4462890625 0.4261067708333333 0.427978515625 0.4290364583333333 0.373291015625 0.4459635416666667 0.298828125
0 0.7278645833333334 0.284423828125 0.73046875 0.291748046875 0.736328125 0.297607421875 0.73828125 0.328857421875 0.7171223958333334 0.41796875 0.7106119791666666 0.4560546875 0.7063802083333334 0.464599609375 0.6962890625 0.45703125 0.6940104166666666 0.451904296875 0.6861979166666666 0.449462890625 0.6868489583333334 0.435791015625 0.6985677083333334 0.43212890625 0.6953125 0.421875 0.6881510416666666 0.414306640625 0.7041015625 0.40771484375 0.6959635416666666 0.40087890625 0.6943359375 0.3837890625 0.6959635416666666 0.37939453125 0.701171875 0.376708984375 0.6982421875 0.373779296875 0.7001953125 0.358642578125 0.7154947916666666 0.29638671875 0.7216796875 0.292236328125 0.7242838541666666 0.285400390625 0.7275390625 0.284423828125